##FastQC	0.11.8
>>Basic Statistics	pass
#Measure	Value
Filename	f1.fq.gz
File type	Conventional base calls
Encoding	Sanger / Illumina 1.9
Total Sequences	295185
Sequences flagged as poor quality	0
Sequence length	250
%GC	50
>>END_MODULE
>>Per base sequence quality	pass
#Base	Mean	Median	Lower Quartile	Upper Quartile	10th Percentile	90th Percentile
1	28.116526923793554	37.0	20.0	38.0	2.0	38.0
2	28.42602435760625	37.0	22.0	38.0	2.0	38.0
3	28.491098802445922	37.0	22.0	38.0	2.0	38.0
4	28.59095482494029	37.0	22.0	38.0	2.0	38.0
5	28.639324491420634	37.0	22.0	38.0	2.0	38.0
6	28.676267425512815	37.0	22.0	38.0	2.0	38.0
7	28.692829920219523	37.0	22.0	38.0	2.0	38.0
8	28.726896691905075	37.0	22.0	38.0	2.0	38.0
9	28.826027745312263	37.0	22.0	38.0	2.0	38.0
10-14	29.003580127716514	37.0	23.2	38.0	2.0	38.0
15-19	29.181935396446296	37.0	24.0	38.0	2.0	38.0
20-24	29.30571472127649	37.0	24.8	38.0	2.0	38.0
25-29	29.514389958839377	38.0	25.4	38.0	2.0	38.0
30-34	29.746704608974035	38.0	27.0	38.0	2.0	38.0
35-39	33.81990006267256	38.0	33.4	38.0	20.6	38.0
40-44	34.98703592662229	38.0	35.6	38.0	26.4	38.0
45-49	35.256989345664586	38.0	36.0	38.0	27.6	38.0
50-54	35.40664396903637	38.0	36.0	38.0	29.0	38.0
55-59	35.47455121364568	38.0	36.0	38.0	29.6	38.0
60-64	35.5690885376967	38.0	36.0	38.0	30.2	38.0
65-69	35.66878669309078	38.0	36.6	38.0	31.0	38.0
70-74	35.813750698714365	38.0	37.0	38.0	31.2	38.0
75-79	35.884088961159954	38.0	37.0	38.0	32.0	38.0
80-84	35.96363162084795	38.0	37.0	38.0	32.8	38.0
85-89	35.99673763910768	38.0	37.0	38.0	32.8	38.0
90-94	36.13228924233955	38.0	37.0	38.0	34.0	38.0
95-99	36.2126422413063	38.0	37.0	38.0	34.0	38.0
100-104	36.275451665904434	38.0	37.0	38.0	34.0	38.0
105-109	36.32633568778901	38.0	37.0	38.0	34.0	38.0
110-114	36.365589037383344	38.0	37.0	38.0	34.0	38.0
115-119	36.435140674492274	38.0	37.0	38.0	34.0	38.0
120-124	36.49516404966378	38.0	37.0	38.0	34.0	38.0
125-129	36.54861595270763	38.0	37.0	38.0	34.0	38.0
130-134	36.62515236207802	38.0	37.0	38.0	34.0	38.0
135-139	36.664852211325105	38.0	37.4	38.0	34.0	38.0
140-144	36.68565814658604	38.0	37.2	38.0	34.0	38.0
145-149	36.67946609753206	38.0	37.0	38.0	34.0	38.0
150-154	36.71347392313295	38.0	37.8	38.0	34.0	38.0
155-159	36.813004048308684	38.0	38.0	38.0	34.0	38.0
160-164	36.854913359418674	38.0	38.0	38.0	34.0	38.0
165-169	36.83229567898098	38.0	38.0	38.0	34.0	38.0
170-174	36.912605315310735	38.0	38.0	38.0	34.0	38.0
175-179	36.94429594999745	38.0	38.0	38.0	34.0	38.0
180-184	36.945462675948974	38.0	38.0	38.0	34.2	38.0
185-189	36.974456019106654	38.0	38.0	38.0	34.6	38.0
190-194	37.01232582956451	38.0	38.0	38.0	35.0	38.0
195-199	37.00467638938294	38.0	38.0	38.0	34.8	38.0
200-204	37.03223402273151	38.0	38.0	38.0	35.0	38.0
205-209	37.07951826820469	38.0	38.0	38.0	35.0	38.0
210-214	37.11189931737724	38.0	38.0	38.0	35.0	38.0
215-219	37.12960346901096	38.0	38.0	38.0	35.4	38.0
220-224	37.15679590765113	38.0	38.0	38.0	35.8	38.0
225-229	37.16716635330386	38.0	38.0	38.0	35.6	38.0
230-234	37.17520402459475	38.0	38.0	38.0	35.4	38.0
235-239	37.20723071971814	38.0	38.0	38.0	36.0	38.0
240-244	37.249272828903905	38.0	38.0	38.0	35.6	38.0
245-249	34.50053491877975	34.8	34.4	34.8	34.0	35.6
250	33.715185392211666	34.0	34.0	34.0	34.0	34.0
>>END_MODULE
>>Per sequence quality scores	pass
#Quality	Count
33	222.0
34	47299.0
35	228338.0
36	19326.0
>>END_MODULE
>>Per base sequence content	pass
#Base	G	A	T	C
1	25.1144197706523	24.828497382997103	24.947067093517624	25.11001575283297
2	24.94638955231465	25.03311482629537	24.95756898216373	25.062926639226248
3	25.05310229178312	25.075461151481278	24.873553872994904	24.997882683740706
4	25.106966817419586	24.885749614648443	24.970781035621727	25.036502532310244
5	25.06394295103071	24.8152853295391	25.06021647441435	25.060555245015838
6	25.058522621406915	24.899639209309417	24.91759405118824	25.12424411809543
7	25.139488795162357	24.83628910683131	24.986703253891626	25.037518844114707
8	25.156088554635232	25.01414367261209	24.8339177126209	24.995850060131783
9	25.091383369751174	24.89116994427224	24.76751867472941	25.249928011247185
10-14	25.083185121195186	24.93128038348832	24.94984501244982	25.035689482866673
15-19	25.04700442095635	24.92497925030066	24.97891153005742	25.04910479868557
20-24	25.034469908701322	25.033656859257754	24.873418364754308	25.058454867286617
25-29	25.023493741213137	24.99483374832732	24.944695699307214	25.03697681115233
30-34	25.03135321916764	24.938259057878955	24.961430967020682	25.06895675593272
35-39	25.04544607618951	24.918813625353593	24.964818673035555	25.070921625421345
40-44	25.058522621406915	24.92206582312787	24.955333096193915	25.064078459271304
45-49	25.04192286193404	24.912444738045632	24.904924030692616	25.140708369327708
50-54	25.112319392923084	24.89184748547521	24.899706963429715	25.096126158171995
55-59	25.135152531463316	24.992123583515422	24.884597794603383	24.98812609041787
60-64	25.106966817419586	24.91562918169961	24.914206345173366	25.063197655707437
65-69	25.0430069278588	24.92423395497739	24.961566475261275	25.071192641902535
70-74	25.110828802276536	24.904991784812914	24.8868336805732	25.097345732337345
75-79	25.0642817216322	24.88581736876874	24.987855073936686	25.06204583566238
80-84	25.053983095346986	24.886494909971713	25.00350627572539	25.05601571895591
85-89	25.04985009400884	24.8736216271152	24.958449785727595	25.118078493148367
90-94	25.12675102054644	24.869556379897354	24.93114487524773	25.072547724308485
95-99	25.04666565035486	24.970916543862323	24.97335569219303	25.00906211358978
100-104	25.052289242339548	24.9080407202263	24.8895438453851	25.150126192049054
105-109	25.06191032742179	24.944221420465134	24.904924030692616	25.088944221420466
110-114	25.146602977793584	24.893067059640565	24.857631654725004	25.10269830784085
115-119	25.04673340447516	24.876467300167693	24.97897928417772	25.09782001117943
120-124	25.048156241001408	24.954723309111234	24.892525026678186	25.104595423209176
125-129	25.00804580178532	24.90878601554957	24.98243474431289	25.10073343835222
130-134	25.045581584430103	24.90776970374511	24.96996798617816	25.07668072564663
135-139	25.07078611718075	24.992259091756015	24.85058522621407	25.086369564849164
140-144	25.13386520317767	24.944763453427512	24.86549113267951	25.055880210715316
145-149	25.096397174653184	24.938530074360145	24.89394786320443	25.071124887782236
150-154	25.074919118518896	24.95350373494588	24.936429696630928	25.0351474499043
155-159	25.0456493385504	24.92518251266155	24.91989769127835	25.109270457509698
160-164	25.05804834256483	24.933787285939328	24.95113234073547	25.057032030760375
165-169	25.051205176414793	24.94157900977353	24.942121042735913	25.06509477107577
170-174	25.05174720937717	24.93473584362349	24.945983027592867	25.067533919406475
175-179	25.01902196927351	25.00574216169521	24.92525026678185	25.049985602249436
180-184	25.07559665972187	24.94984501244982	24.928773481037318	25.045784846790998
185-189	25.087860155495704	24.96725782136626	24.896454765655438	25.048427257482597
190-194	25.015092230296254	24.928028185714044	24.96671578840388	25.090163795585816
195-199	25.128715890035064	24.85979978657452	24.92423395497739	25.087250368413027
200-204	25.111912868201298	24.965225197757338	24.873418364754308	25.049443569287057
205-209	25.052424750580144	24.89530294561038	24.949099717126547	25.103172586682927
210-214	25.08664058133035	24.88493656520487	24.94266307569829	25.085759777766487
215-219	25.056083473076207	24.979318054779206	24.9080407202263	25.05655775191829
220-224	25.061368294459406	24.912715754526822	24.941443501532937	25.08447244948083
225-229	25.07715500448871	24.914070836932773	24.93426156478141	25.07451259379711
230-234	25.013601639649714	25.013533885529416	24.879583989701374	25.0932804851195
235-239	25.126276741704356	24.929993055202672	24.93602317190914	25.007707031183834
240-244	25.068211460609447	24.944153666344835	24.930873858766535	25.056761014279182
245-249	25.02837203787455	25.027694496671575	24.92843471043583	25.01549875501804
250	25.01956400223588	24.966377017802397	24.887443467655874	25.126615512305843
>>END_MODULE
>>Per sequence GC content	fail
#GC Content	Count
0	0.0
1	0.0
2	0.0
3	0.0
4	0.0
5	0.0
6	0.0
7	0.0
8	0.0
9	0.0
10	0.0
11	0.0
12	0.0
13	0.0
14	0.0
15	0.0
16	0.0
17	0.0
18	0.0
19	1.6666666666666665
20	3.666666666666667
21	7.9999999999999964
22	20.33333333333333
23	30.666666666666625
24	58.666666666666806
25	90.66666666666646
26	145.99999999999977
27	216.00000000000176
28	303.66666666666686
29	446.99999999999204
30	572.6666666666619
31	689.6666666666752
32	849.6666666666933
33	1013.666666666712
34	1134.666666666688
35	1218.0000000000023
36	1300.6666666666501
37	1401.333333333294
38	1547.666666666594
39	1730.3333333332191
40	1949.6666666665026
41	2208.33333333322
42	2564.3333333333817
43	2966.000000000231
44	3419.666666667104
45	4009.6666666673723
46	4758.000000000143
47	5692.666666665959
48	6872.999999998219
49	8109.333333330428
50	9252.33333333228
51	10428.666666667754
52	11111.333333335662
53	11247.666666669244
54	10798.000000001759
55	9646.333333332997
56	8354.999999997315
57	6741.666666665005
58	4981.666666666606
59	3574.333333333841
60	2427.666666666653
61	1572.333333333255
62	959.3333333333725
63	535.999999999991
64	298.3333333333338
65	174.3333333333339
66	93.33333333333309
67	50.00000000000008
68	20.999999999999993
69	8.33333333333333
70	2.6666666666666665
71	3.0
72	2.333333333333333
73	2.6666666666666665
74	1.9999999999999998
75	4.0
76	1.6666666666666665
77	0.3333333333333333
78	0.0
79	0.0
80	0.0
81	0.0
82	0.0
83	0.0
84	0.0
85	0.0
86	0.0
87	0.0
88	0.0
89	0.0
90	0.0
91	0.0
92	0.0
93	0.0
94	0.0
95	0.0
96	0.0
97	0.0
98	0.0
99	0.0
100	0.0
>>END_MODULE
>>Per base N content	pass
#Base	N-Count
1	0.0
2	0.0
3	0.0
4	0.0
5	0.0
6	0.0
7	0.0
8	0.0
9	0.0
10-14	0.0
15-19	0.0
20-24	0.0
25-29	0.0
30-34	0.0
35-39	0.0
40-44	0.0
45-49	0.0
50-54	0.0
55-59	0.0
60-64	0.0
65-69	0.0
70-74	0.0
75-79	0.0
80-84	0.0
85-89	0.0
90-94	0.0
95-99	0.0
100-104	0.0
105-109	0.0
110-114	0.0
115-119	0.0
120-124	0.0
125-129	0.0
130-134	0.0
135-139	0.0
140-144	0.0
145-149	0.0
150-154	0.0
155-159	0.0
160-164	0.0
165-169	0.0
170-174	0.0
175-179	0.0
180-184	0.0
185-189	0.0
190-194	0.0
195-199	0.0
200-204	0.0
205-209	0.0
210-214	0.0
215-219	0.0
220-224	0.0
225-229	0.0
230-234	0.0
235-239	0.0
240-244	0.0
245-249	0.0
250	0.0
>>END_MODULE
>>Sequence Length Distribution	pass
#Length	Count
250	295185.0
>>END_MODULE
>>Sequence Duplication Levels	pass
#Total Deduplicated Percentage	99.99939803698848
#Duplication Level	Percentage of deduplicated	Percentage of total
1	99.99939803336486	99.99879607397693
2	6.019666351443281E-4	0.0012039260230556855
3	0.0	0.0
4	0.0	0.0
5	0.0	0.0
6	0.0	0.0
7	0.0	0.0
8	0.0	0.0
9	0.0	0.0
>10	0.0	0.0
>50	0.0	0.0
>100	0.0	0.0
>500	0.0	0.0
>1k	0.0	0.0
>5k	0.0	0.0
>10k+	0.0	0.0
>>END_MODULE
>>Overrepresented sequences	pass
>>END_MODULE
>>Adapter Content	pass
#Position	Illumina Universal Adapter	Illumina Small RNA 3' Adapter	Illumina Small RNA 5' Adapter	Nextera Transposase Sequence	SOLID Small RNA Adapter
1	0.0	0.0	0.0	0.0	0.0
2	0.0	0.0	0.0	0.0	0.0
3	0.0	0.0	0.0	0.0	0.0
4	0.0	0.0	0.0	0.0	0.0
5	0.0	0.0	0.0	0.0	0.0
6	0.0	0.0	0.0	0.0	0.0
7	0.0	3.3877060148720294E-4	0.0	0.0	0.0
8	0.0	3.3877060148720294E-4	0.0	0.0	0.0
9	0.0	3.3877060148720294E-4	0.0	0.0	0.0
10-14	0.0	3.3877060148720294E-4	0.0	0.0	2.7101648118976236E-4
15-19	0.0	3.3877060148720294E-4	0.0	0.0	3.3877060148720294E-4
20-24	0.0	3.3877060148720294E-4	0.0	0.0	3.3877060148720294E-4
25-29	0.0	3.3877060148720294E-4	0.0	0.0	3.3877060148720294E-4
30-34	0.0	3.3877060148720294E-4	0.0	1.3550824059488118E-4	3.3877060148720294E-4
35-39	0.0	3.3877060148720294E-4	0.0	3.3877060148720294E-4	3.3877060148720294E-4
40-44	0.0	3.3877060148720294E-4	0.0	3.3877060148720294E-4	3.3877060148720294E-4
45-49	0.0	3.3877060148720294E-4	0.0	3.3877060148720294E-4	3.3877060148720294E-4
50-54	0.0	3.3877060148720294E-4	0.0	3.3877060148720294E-4	3.3877060148720294E-4
55-59	0.0	3.3877060148720294E-4	0.0	3.3877060148720294E-4	3.3877060148720294E-4
60-64	0.0	3.3877060148720294E-4	0.0	3.3877060148720294E-4	3.3877060148720294E-4
65-69	0.0	3.3877060148720294E-4	0.0	4.0652472178464357E-4	3.3877060148720294E-4
70-74	0.0	3.3877060148720294E-4	0.0	8.130494435692871E-4	3.3877060148720294E-4
75-79	0.0	3.3877060148720294E-4	0.0	0.0010163118044616089	3.3877060148720294E-4
80-84	0.0	3.3877060148720294E-4	0.0	0.0010163118044616089	3.3877060148720294E-4
85-89	0.0	3.3877060148720294E-4	0.0	0.0013550824059488117	3.3877060148720294E-4
90-94	0.0	3.3877060148720294E-4	0.0	0.0013550824059488117	3.3877060148720294E-4
95-99	0.0	3.3877060148720294E-4	0.0	0.0013550824059488117	3.3877060148720294E-4
100-104	0.0	3.3877060148720294E-4	0.0	0.0013550824059488117	3.3877060148720294E-4
105-109	0.0	3.3877060148720294E-4	0.0	0.0016260988871385743	3.3877060148720294E-4
110-114	0.0	3.3877060148720294E-4	0.0	0.0016938530074360146	3.3877060148720294E-4
115-119	0.0	3.3877060148720294E-4	0.0	0.001829361248030896	3.3877060148720294E-4
120-124	0.0	3.3877060148720294E-4	0.0	0.00230364009011298	3.3877060148720294E-4
125-129	0.0	3.3877060148720294E-4	0.0	0.0023713942104104206	3.3877060148720294E-4
130-134	0.0	3.3877060148720294E-4	0.0	0.0023713942104104206	3.3877060148720294E-4
135-139	0.0	3.3877060148720294E-4	0.0	0.0023713942104104206	3.3877060148720294E-4
140-144	0.0	3.3877060148720294E-4	0.0	0.0023713942104104206	3.3877060148720294E-4
145-149	0.0	3.3877060148720294E-4	0.0	0.0023713942104104206	3.3877060148720294E-4
150-154	0.0	3.3877060148720294E-4	0.0	0.0027101648118976235	3.3877060148720294E-4
155-159	0.0	3.3877060148720294E-4	0.0	0.0027101648118976235	3.3877060148720294E-4
160-164	0.0	3.3877060148720294E-4	0.0	0.002981181293087386	3.3877060148720294E-4
165-169	0.0	3.3877060148720294E-4	0.0	0.0032521977742771485	3.3877060148720294E-4
170-174	0.0	3.3877060148720294E-4	0.0	0.003997493097548995	3.3877060148720294E-4
175-179	0.0	3.3877060148720294E-4	0.0	0.004404017819333638	3.3877060148720294E-4
180-184	0.0	3.3877060148720294E-4	0.0	0.004404017819333638	3.3877060148720294E-4
185-189	0.0	3.3877060148720294E-4	0.0	0.004404017819333638	3.3877060148720294E-4
190-194	0.0	3.3877060148720294E-4	0.0	0.004404017819333638	3.3877060148720294E-4
195-199	0.0	3.3877060148720294E-4	0.0	0.004404017819333638	3.3877060148720294E-4
200-204	0.0	3.3877060148720294E-4	0.0	0.004675034300523401	3.3877060148720294E-4
205-209	0.0	3.3877060148720294E-4	0.0	0.004742788420820841	3.3877060148720294E-4
210-214	0.0	3.3877060148720294E-4	0.0	0.004742788420820841	3.3877060148720294E-4
215-219	0.0	3.3877060148720294E-4	0.0	0.0050138049020106035	3.3877060148720294E-4
220-224	0.0	3.3877060148720294E-4	0.0	0.005081559022308044	3.3877060148720294E-4
225-229	0.0	3.3877060148720294E-4	0.0	0.005081559022308044	3.3877060148720294E-4
230-234	0.0	3.3877060148720294E-4	0.0	0.005081559022308044	3.3877060148720294E-4
235-239	0.0	4.0652472178464357E-4	0.0	0.005217067262902925	4.0652472178464357E-4
>>END_MODULE
