##FastQC	0.11.8
>>Basic Statistics	pass
#Measure	Value
Filename	f2.fq.gz
File type	Conventional base calls
Encoding	Sanger / Illumina 1.9
Total Sequences	295185
Sequences flagged as poor quality	0
Sequence length	250
%GC	50
>>END_MODULE
>>Per base sequence quality	warn
#Base	Mean	Median	Lower Quartile	Upper Quartile	10th Percentile	90th Percentile
1	21.700750376882294	22.0	8.0	37.0	2.0	38.0
2	21.934857801040025	22.0	8.0	37.0	2.0	38.0
3	22.04343716652269	23.0	8.0	38.0	2.0	38.0
4	22.137229195250438	23.0	8.0	38.0	2.0	38.0
5	22.26691735691177	23.0	8.0	38.0	2.0	38.0
6	22.364391822077682	24.0	8.0	38.0	2.0	38.0
7	22.400738519911243	24.0	8.0	38.0	2.0	38.0
8	22.36028931009367	24.0	8.0	38.0	2.0	38.0
9	22.579019936649896	24.0	8.0	38.0	2.0	38.0
10-14	22.855926961058316	24.8	8.2	38.0	2.0	38.0
15-19	23.254378779409524	26.2	9.0	38.0	2.0	38.0
20-24	23.753370936870095	28.0	9.0	38.0	2.0	38.0
25-29	24.159875332418654	29.2	9.0	38.0	2.0	38.0
30-34	24.4757863712587	30.8	9.0	38.0	2.0	38.0
35-39	28.17766688686756	34.4	18.6	38.0	7.6	38.0
40-44	29.353148025814324	35.0	21.8	38.0	9.6	38.0
45-49	29.799782509273843	35.8	22.6	38.0	10.0	38.0
50-54	30.217939935972357	36.0	23.8	38.0	10.2	38.0
55-59	30.873221877805445	36.0	25.4	38.0	11.0	38.0
60-64	31.19228416078053	36.4	26.2	38.0	11.0	38.0
65-69	31.378588342903605	37.0	27.0	38.0	11.0	38.0
70-74	31.665885461659638	37.0	28.0	38.0	12.8	38.0
75-79	31.86976167488185	37.0	28.8	38.0	14.2	38.0
80-84	32.04715686772702	37.0	29.2	38.0	15.6	38.0
85-89	32.04827548825313	37.0	29.4	38.0	15.2	38.0
90-94	32.269531988414045	37.0	30.8	38.0	16.6	38.0
95-99	32.4932113759168	37.0	31.0	38.0	17.6	38.0
100-104	32.69412944424683	37.0	31.4	38.0	18.4	38.0
105-109	32.89832884462287	37.0	32.0	38.0	19.0	38.0
110-114	33.03148872740824	37.0	32.8	38.0	19.6	38.0
115-119	33.260831681826645	37.0	33.6	38.0	21.0	38.0
120-124	33.4452170672629	37.0	34.0	38.0	22.0	38.0
125-129	33.58060538306486	37.0	34.0	38.0	22.0	38.0
130-134	33.71020749699341	37.0	34.0	38.0	22.2	38.0
135-139	33.82153835730135	37.2	34.0	38.0	23.0	38.0
140-144	33.92508901197554	37.8	34.0	38.0	23.0	38.0
145-149	34.023771533106355	38.0	34.0	38.0	23.2	38.0
150-154	34.20476446973932	38.0	34.0	38.0	24.0	38.0
155-159	34.312723207480055	38.0	34.0	38.0	24.0	38.0
160-164	34.374865253993256	38.0	34.0	38.0	24.2	38.0
165-169	34.45788776529973	38.0	34.0	38.0	24.8	38.0
170-174	34.51158222809425	38.0	34.4	38.0	24.8	38.0
175-179	34.527318800074525	38.0	34.4	38.0	25.0	38.0
180-184	34.65499872961024	38.0	35.0	38.0	25.0	38.0
185-189	34.70446669038061	38.0	35.0	38.0	25.0	38.0
190-194	34.72882023138032	38.0	35.0	38.0	25.2	38.0
195-199	34.78783000491217	38.0	35.0	38.0	26.0	38.0
200-204	34.74313057912834	38.0	35.0	38.0	25.8	38.0
205-209	34.85283940579636	38.0	35.6	38.0	26.4	38.0
210-214	35.04191676406322	38.0	36.0	38.0	27.0	38.0
215-219	35.15317716008605	38.0	36.0	38.0	27.0	38.0
220-224	35.10338668970307	38.0	36.0	38.0	27.0	38.0
225-229	35.16797669258262	38.0	36.0	38.0	27.0	38.0
230-234	35.24476582482173	38.0	36.0	38.0	28.0	38.0
235-239	35.267853041313074	38.0	36.0	38.0	28.0	38.0
240-244	35.28997950437861	38.0	36.0	38.0	29.2	38.0
245-249	32.82239544692312	34.8	34.0	34.8	27.2	35.6
250	31.39180175144401	34.0	33.0	34.0	23.0	34.0
>>END_MODULE
>>Per sequence quality scores	pass
#Quality	Count
29	190.0
30	16065.0
31	143043.0
32	127800.0
33	8070.0
34	17.0
>>END_MODULE
>>Per base sequence content	pass
#Base	G	A	T	C
1	25.140843877568305	24.911496180361468	24.972474888629165	24.975185053441063
2	25.02430679065671	25.00940088419127	24.973829971035112	24.99246235411691
3	25.117807476667174	24.831885089011976	24.90133306231685	25.148974372003995
4	25.139827565763845	24.88845977946034	24.853905178108644	25.117807476667174
5	24.923353151413522	24.948083405322087	24.920304216000137	25.208259227264257
6	25.06631434524112	24.870504937581515	24.87389264359639	25.189288073580972
7	25.11848501787015	24.92843471043583	24.96231177058455	24.99076850110947
8	25.004996866371936	25.032098514490915	24.995511289530295	24.967393329606857
9	24.946050781713165	24.97654013584701	24.916238968782288	25.161170113657537
10-14	25.02661043074682	24.918203838270912	24.980402120703964	25.0747836102783
15-19	25.019157477514103	24.985212663245086	24.88920507478361	25.106424784457204
20-24	25.048156241001408	24.938123549638362	24.944763453427512	25.06895675593272
25-29	25.0166505750631	24.959466097532058	24.96935819909548	25.05452512830936
30-34	25.041787353693444	24.984399613801514	24.93656520487152	25.037247827633518
35-39	25.014075918491795	24.93609092602944	24.92043972424073	25.12939343123804
40-44	25.027016955468607	24.992597862357506	24.963260328268714	25.017124853905177
45-49	25.017802395108152	24.956010637396886	24.935074614224977	25.091112353269985
50-54	25.063671934549518	24.93365177769873	24.891305452512828	25.111370835238915
55-59	25.130206480681604	24.95492657147213	24.867523756288428	25.047343191557836
60-64	25.097413486457643	24.88093907210732	24.949438487728035	25.072208953706998
65-69	25.07430933143622	24.94848993004387	24.9186103629927	25.058590375527213
70-74	25.10330809492352	24.887782238257365	24.932838728255163	25.076070938563948
75-79	25.07031183833867	24.940088419126987	24.93209343293189	25.057506309602452
80-84	24.991513796432745	25.00086386503379	24.925521283263038	25.08210105527042
85-89	25.026271660145333	24.9396818944052	24.961837491742468	25.072208953706998
90-94	25.072479970188187	24.942121042735913	24.9106831309179	25.074715856158004
95-99	25.037586598235006	24.90959906499314	24.989955451665903	25.06285888510595
100-104	25.044429764385047	24.95912732693057	24.876602808408286	25.119840100276097
105-109	25.056693260158884	24.925656791503634	24.96942595321578	25.048223995121706
110-114	25.038331893558276	24.8974033233396	24.98033436658367	25.083930416518452
115-119	25.13007097244101	24.94056269796907	24.87863543201721	25.05073089757271
120-124	25.054050849467284	25.01143350780019	24.934126056540816	25.000389586191712
125-129	25.037112319392925	24.968816166133102	24.919287904195674	25.0747836102783
130-134	25.04863051984349	24.98954892694412	24.91732303470705	25.04449751850534
135-139	25.06102952385792	24.970171248539053	24.89611599505395	25.072683232549082
140-144	25.008655588868002	24.907972966106	25.038128631197388	25.045242813828615
145-149	25.046123617392485	24.92274336433084	24.872537561190438	25.158595457086236
150-154	25.089621762623437	24.92972203872148	24.905059538933212	25.07559665972187
155-159	25.0006606026729	24.927892677473448	25.00960414655216	25.06184257330149
160-164	25.062520114504462	24.973220183952435	24.913190033368902	25.051069668174197
165-169	25.08691159781154	24.932974236495756	24.895573962091568	25.08454020360113
170-174	25.029185087318123	24.9635990988702	24.96305706590782	25.044158747903854
175-179	25.03718007351322	24.91251249216593	24.92735064451107	25.12295678980978
180-184	25.00113488151498	24.993885190643155	24.901265308196553	25.103714619645306
185-189	25.05987770381286	24.969493707336078	24.8709114623033	25.09971712654776
190-194	25.04402323966326	24.951538865457255	24.970374510899944	25.03406338397954
195-199	25.052153734098955	24.877957890814233	24.951809881938445	25.118078493148367
200-204	25.064959262835174	24.87314734827312	24.950319291291905	25.11157409759981
205-209	25.049782339888544	24.96231177058455	24.94157900977353	25.046326879753373
210-214	25.043955485542963	24.923217643172926	24.967393329606857	25.06543354167725
215-219	25.142537730575743	24.881413350949405	24.936903975473008	25.039144943001844
220-224	25.055067161271744	24.958856310449377	24.909734573233735	25.07634195504514
225-229	25.1012754713146	24.95966935989295	24.933245252976945	25.005809915815508
230-234	25.086301810728866	24.887985500618257	24.95221640666023	25.073496281992647
235-239	25.13671087623016	24.959737114013244	24.831343056049597	25.072208953706998
240-244	25.063536426308925	24.934126056540816	24.94110473093145	25.061232786218813
245-249	25.066382099361416	24.96861290377221	24.884868811084573	25.080136185781797
250	25.029727120280505	24.748208750444636	24.96807087080983	25.25399325846503
>>END_MODULE
>>Per sequence GC content	fail
#GC Content	Count
0	0.0
1	0.0
2	0.0
3	0.0
4	0.0
5	0.0
6	0.0
7	0.0
8	0.0
9	0.0
10	0.0
11	0.0
12	0.0
13	0.0
14	0.0
15	0.0
16	0.0
17	0.0
18	0.3333333333333333
19	1.3333333333333333
20	1.9999999999999998
21	6.333333333333331
22	14.333333333333341
23	29.66666666666663
24	56.66666666666679
25	84.66666666666654
26	140.99999999999963
27	221.6666666666686
28	310.66666666666646
29	408.6666666666609
30	530.6666666666571
31	687.3333333333416
32	838.6666666666921
33	951.6666666667049
34	1072.0000000000355
35	1216.333333333336
36	1329.9999999999768
37	1422.6666666666224
38	1602.9999999999147
39	1729.3333333332193
40	1986.333333333161
41	2278.3333333332516
42	2576.333333333387
43	3010.666666666918
44	3439.666666667113
45	4030.666666667382
46	4774.666666666794
47	5742.999999999247
48	6929.333333331501
49	8151.666666663723
50	9322.666666665742
51	10424.333333334413
52	11066.666666668914
53	11310.333333336024
54	10804.333333335104
55	9649.99999999967
56	8307.333333330562
57	6628.333333331775
58	5001.333333333255
59	3595.3333333338505
60	2367.999999999959
61	1501.9999999999377
62	896.6666666666987
63	515.333333333322
64	292.00000000000085
65	158.33333333333346
66	77.99999999999997
67	47.66666666666673
68	17.000000000000007
69	8.666666666666664
70	4.999999999999999
71	3.3333333333333335
72	3.666666666666667
73	3.666666666666667
74	4.0
75	1.9999999999999998
76	1.3333333333333333
77	0.3333333333333333
78	0.3333333333333333
79	0.0
80	0.0
81	0.0
82	0.0
83	0.0
84	0.0
85	0.0
86	0.0
87	0.0
88	0.0
89	0.0
90	0.0
91	0.0
92	0.0
93	0.0
94	0.0
95	0.0
96	0.0
97	0.0
98	0.0
99	0.0
100	0.0
>>END_MODULE
>>Per base N content	pass
#Base	N-Count
1	0.0
2	0.0
3	0.0
4	0.0
5	0.0
6	0.0
7	0.0
8	0.0
9	0.0
10-14	0.0
15-19	0.0
20-24	0.0
25-29	0.0
30-34	0.0
35-39	0.0
40-44	0.0
45-49	0.0
50-54	0.0
55-59	0.0
60-64	0.0
65-69	0.0
70-74	0.0
75-79	0.0
80-84	0.0
85-89	0.0
90-94	0.0
95-99	0.0
100-104	0.0
105-109	0.0
110-114	0.0
115-119	0.0
120-124	0.0
125-129	0.0
130-134	0.0
135-139	0.0
140-144	0.0
145-149	0.0
150-154	0.0
155-159	0.0
160-164	0.0
165-169	0.0
170-174	0.0
175-179	0.0
180-184	0.0
185-189	0.0
190-194	0.0
195-199	0.0
200-204	0.0
205-209	0.0
210-214	0.0
215-219	0.0
220-224	0.0
225-229	0.0
230-234	0.0
235-239	0.0
240-244	0.0
245-249	0.0
250	0.0
>>END_MODULE
>>Sequence Length Distribution	pass
#Length	Count
250	295185.0
>>END_MODULE
>>Sequence Duplication Levels	pass
#Total Deduplicated Percentage	100.0
#Duplication Level	Percentage of deduplicated	Percentage of total
1	100.0	100.0
2	0.0	0.0
3	0.0	0.0
4	0.0	0.0
5	0.0	0.0
6	0.0	0.0
7	0.0	0.0
8	0.0	0.0
9	0.0	0.0
>10	0.0	0.0
>50	0.0	0.0
>100	0.0	0.0
>500	0.0	0.0
>1k	0.0	0.0
>5k	0.0	0.0
>10k+	0.0	0.0
>>END_MODULE
>>Overrepresented sequences	pass
>>END_MODULE
>>Adapter Content	pass
#Position	Illumina Universal Adapter	Illumina Small RNA 3' Adapter	Illumina Small RNA 5' Adapter	Nextera Transposase Sequence	SOLID Small RNA Adapter
1	0.0	0.0	0.0	0.0	0.0
2	0.0	0.0	0.0	0.0	0.0
3	0.0	0.0	0.0	0.0	0.0
4	0.0	0.0	0.0	0.0	0.0
5	0.0	0.0	0.0	0.0	0.0
6	0.0	0.0	0.0	0.0	0.0
7	0.0	0.0	0.0	0.0	0.0
8	0.0	0.0	0.0	0.0	0.0
9	0.0	0.0	0.0	0.0	0.0
10-14	0.0	0.0	0.0	0.0	0.0
15-19	0.0	0.0	0.0	0.0	0.0
20-24	0.0	0.0	0.0	0.0	0.0
25-29	0.0	0.0	0.0	0.0	0.0
30-34	0.0	0.0	0.0	0.0	0.0
35-39	0.0	0.0	0.0	0.0	0.0
40-44	0.0	0.0	0.0	0.0	0.0
45-49	0.0	0.0	0.0	6.775412029744059E-5	0.0
50-54	0.0	0.0	0.0	3.3877060148720294E-4	0.0
55-59	0.0	0.0	0.0	3.3877060148720294E-4	1.3550824059488118E-4
60-64	0.0	0.0	0.0	3.3877060148720294E-4	3.3877060148720294E-4
65-69	0.0	0.0	0.0	4.0652472178464357E-4	3.3877060148720294E-4
70-74	0.0	0.0	0.0	6.775412029744059E-4	3.3877060148720294E-4
75-79	0.0	0.0	0.0	6.775412029744059E-4	3.3877060148720294E-4
80-84	0.0	0.0	0.0	6.775412029744059E-4	3.3877060148720294E-4
85-89	0.0	0.0	0.0	0.0010163118044616089	3.3877060148720294E-4
90-94	0.0	0.0	0.0	0.0013550824059488117	3.3877060148720294E-4
95-99	0.0	0.0	0.0	0.0015583447668411335	3.3877060148720294E-4
100-104	0.0	0.0	0.0	0.0016938530074360146	3.3877060148720294E-4
105-109	0.0	0.0	0.0	0.001829361248030896	3.3877060148720294E-4
110-114	0.0	0.0	0.0	0.0020326236089232177	3.3877060148720294E-4
115-119	0.0	0.0	0.0	0.0020326236089232177	3.3877060148720294E-4
120-124	0.0	0.0	0.0	0.0020326236089232177	3.3877060148720294E-4
125-129	0.0	0.0	0.0	0.0020326236089232177	3.3877060148720294E-4
130-134	0.0	0.0	0.0	0.0022358859698155395	3.3877060148720294E-4
135-139	0.0	0.0	0.0	0.0023713942104104206	3.3877060148720294E-4
140-144	0.0	0.0	0.0	0.0023713942104104206	3.3877060148720294E-4
145-149	0.0	0.0	0.0	0.0023713942104104206	3.3877060148720294E-4
150-154	0.0	0.0	0.0	0.0023713942104104206	3.3877060148720294E-4
155-159	0.0	0.0	0.0	0.0027101648118976235	3.3877060148720294E-4
160-164	0.0	0.0	0.0	0.0030489354133848264	3.3877060148720294E-4
165-169	0.0	0.0	0.0	0.0030489354133848264	3.3877060148720294E-4
170-174	0.0	0.0	0.0	0.0030489354133848264	3.3877060148720294E-4
175-179	0.0	0.0	0.0	0.0033877060148720293	3.3877060148720294E-4
180-184	0.0	0.0	0.0	0.0033877060148720293	3.3877060148720294E-4
185-189	0.0	0.0	0.0	0.0033877060148720293	3.3877060148720294E-4
190-194	0.0	0.0	0.0	0.0033877060148720293	3.3877060148720294E-4
195-199	0.0	0.0	0.0	0.0033877060148720293	3.3877060148720294E-4
200-204	0.0	0.0	0.0	0.003658722496061792	3.3877060148720294E-4
205-209	0.0	0.0	0.0	0.0037264766163592326	3.3877060148720294E-4
210-214	0.0	0.0	0.0	0.0037264766163592326	3.3877060148720294E-4
215-219	0.0	0.0	0.0	0.0037264766163592326	3.3877060148720294E-4
220-224	0.0	0.0	0.0	0.0037264766163592326	3.3877060148720294E-4
225-229	0.0	0.0	0.0	0.0037264766163592326	3.3877060148720294E-4
230-234	0.0	0.0	0.0	0.0037264766163592326	3.3877060148720294E-4
235-239	0.0	0.0	0.0	0.0041330013381438765	4.0652472178464357E-4
>>END_MODULE
